************************************************************************
#General Information
projects:  1
jobs (incl. supersource/sink ):  15
horizon:                         30
RESOURCES
  - renewable                 :  3   R
  - nonrenewable              :  0   N
  - doubly constrained        :  0   D
************************************************************************
#Projects summary
pronr. 	#jobs 	rel.date 	duedate 	tardcost 	MPM-Time
 1      13      0         30        0         30
************************************************************************
#Precedence relations
#jobnr.    #modes  #successors   successors
   1        1          2           2   3
   2        1          2           4   5
   3        1          1           6
   4        1          1           7
   5        1          2           8   9
   6        1          1           10
   7        1          1           10
   8        1          1           11
   9        1          2          12   13
  10        1          1           14
  11        1          1           14
  12        1          1           15
  13        1          1           15
  14        1          1           15
  15        1          0        
************************************************************************
#Duration and resources
#jobnr. mode duration   R1   R2   R3
  1      1     1       0    0    0
  2      1     3       1    2    0
  3      1     2       0    0    3
  4      1     4       2    0    1
  5      1     3       0    1    2
  6      1     5       3    0    0
  7      1     4       0    2    1
  8      1     2       1    1    0
  9      1     3       0    0    2
 10      1     4       2    0    0
 11      1     3       1    0    1
 12      1     2       0    1    0
 13      1     3       1    0    2
 14      1     2       0    2    0
 15      1     1       0    0    0
************************************************************************
#Resource availability
#resource   qty
R1       5
R2       6
R3       4
************************************************************************